3.000000 0.500000 200.000000
0 858 858
16 857 857
32 856 856
48 855 855
64 854 854
80 853 853
96 852 852
112 851 851
128 850 850
144 849 849
160 848 848
176 847 847
192 846 846
208 845 845
224 844 844
240 843 843
256 842 842
272 841 841
288 840 840
304 839 839
320 838 838
336 837 837
352 836 836
368 835 835
384 834 834
400 833 833
416 832 832
432 831 831
448 830 830
464 829 829
480 829 828
496 828 827
512 827 826
528 826 825
544 825 824
560 824 823
576 823 822
592 822 821
608 821 820
624 820 819
640 819 818
656 818 817
672 817 816
688 816 815
704 816 814
720 815 813
736 814 812
752 813 811
768 812 810
784 811 809
800 810 808
816 809 807
832 808 806
848 807 805
864 806 804
880 806 803
896 805 802
912 804 801
928 803 800
944 802 799
960 801 798
976 800 797
992 799 796
1008 799 795
1024 798 795
1040 797 794
1056 796 793
1072 795 792
1088 794 791
1104 793 790
1120 792 789
1136 792 788
1152 791 787
1168 790 786
1184 789 785
1200 788 784
1216 787 783
1232 786 782
1248 786 781
1264 785 780
1280 784 779
1296 783 779
1312 782 778
1328 781 777
1344 781 776
1360 780 775
1376 779 774
1392 778 773
1408 777 772
1424 777 771
1440 776 770
1456 775 769
1472 774 768
1488 773 768
1504 772 767
1520 772 766
1536 771 765
1552 770 764
1568 769 763
1584 768 762
1600 768 761
1616 767 760
1632 766 759
1648 765 759
1664 765 758
1680 764 757
1696 763 756
1712 762 755
1728 761 754
1744 761 753
1760 760 752
1776 759 751
1792 758 751
1808 758 750
1824 757 749
1840 756 748
1856 755 747
1872 755 746
1888 754 745
1904 753 745
1920 752 744
1936 752 743
1952 751 742
1968 750 741
1984 749 740
2000 749 739
2016 748 739
2032 747 738
2048 746 737
2064 746 736
2080 745 735
2096 744 734
2112 744 734
2128 743 733
2144 742 732
2160 742 731
2176 741 730
2192 740 730
2208 739 729
2224 739 728
2240 738 727
2256 737 726
2272 737 725
2288 736 725
2304 735 724
2320 735 723
2336 734 722
2352 733 721
2368 733 721
2384 732 720
2400 731 719
2416 731 718
2432 730 718
2448 729 717
2464 729 716
2480 728 715
2496 727 714
2512 727 714
2528 726 713
2544 726 712
2560 725 711
2576 724 711
2592 724 710
2608 723 709
2624 722 708
2640 722 708
2656 721 707
2672 721 706
2688 720 705
2704 719 705
2720 719 704
2736 718 703
2752 718 703
2768 717 702
2784 716 701
2800 716 700
2816 715 700
2832 715 699
2848 714 698
2864 713 698
2880 713 697
2896 712 696
2912 712 695
2928 711 695
2944 711 694
2960 710 693
2976 709 693
2992 709 692
3008 708 691
3024 708 691
3040 707 690
3056 707 689
3072 706 689
3088 706 688
3104 705 687
3120 705 687
3136 704 686
3152 704 685
3168 703 685
3184 703 684
3200 702 683
3216 702 683
3232 701 682
3248 701 682
3264 700 681
3280 700 680
3296 699 680
3312 699 679
3328 698 678
3344 698 678
3360 697 677
3376 697 677
3392 696 676
3408 696 675
3424 695 675
3440 695 674
3456 694 674
3472 694 673
3488 693 672
3504 693 672
3520 692 671
3536 692 671
3552 692 670
3568 691 670
3584 691 669
3600 690 668
3616 690 668
3632 689 667
3648 689 667
3664 689 666
3680 688 666
3696 688 665
3712 687 665
3728 687 664
3744 687 663
3760 686 663
3776 686 662
3792 685 662
3808 685 661
3824 685 661
3840 684 660
3856 684 660
3872 683 659
3888 683 659
3904 683 658
3920 682 658
3936 682 657
3952 682 657
3968 681 656
3984 681 656
4000 681 655
4016 680 655
4032 680 654
4048 680 654
4064 679 654
4080 679 653
4096 679 653
4112 678 652
4128 678 652
4144 678 651
4160 677 651
4176 677 650
4192 677 650
4208 676 650
4224 676 649
4240 676 649
4256 675 648
4272 675 648
4288 675 647
4304 675 647
4320 674 647
4336 674 646
4352 674 646
4368 673 645
4384 673 645
4400 673 645
4416 673 644
4432 672 644
4448 672 643
4464 672 643
4480 672 643
4496 671 642
4512 671 642
4528 671 642
4544 671 641
4560 670 641
4576 670 641
4592 670 640
4608 670 640
4624 670 639
4640 669 639
4656 669 639
4672 669 638
4688 669 638
4704 668 638
4720 668 638
4736 668 637
4752 668 637
4768 668 637
4784 667 636
4800 667 636
4816 667 636
4832 667 635
4848 667 635
4864 667 635
4880 666 635
4896 666 634
4912 666 634
4928 666 634
4944 666 633
4960 666 633
4976 665 633
4992 665 633
5008 665 632
5024 665 632
5040 665 632
5056 665 632
5072 665 631
5088 665 631
5104 664 631
5120 664 631
5136 664 630
5152 664 630
5168 664 630
5184 664 630
5200 664 630
5216 664 629
5232 664 629
5248 663 629
5264 663 629
5280 663 629
5296 663 628
5312 663 628
5328 663 628
5344 663 628
5360 663 628
5376 663 628
5392 663 627
5408 663 627
5424 663 627
5440 663 627
5456 663 627
5472 663 627
5488 662 626
5504 662 626
5520 662 626
5536 662 626
5552 662 626
5568 662 626
5584 662 626
5600 662 626
5616 662 625
5632 662 625
5648 662 625
5664 662 625
5680 662 625
5696 662 625
5712 662 625
5728 662 625
5744 662 625
5760 662 625
5776 662 625
5792 662 624
5808 662 624
5824 662 624
5840 662 624
5856 662 624
5872 662 624
5888 662 624
5904 662 624
5920 663 624
5936 663 624
5952 663 624
5968 663 624
5984 663 624
6000 663 624
6016 663 624
6032 663 624
6048 663 624
6064 663 624
6080 663 624
6096 663 624
6112 663 624
6128 663 624
6144 663 624
6160 664 624
6176 664 624
6192 664 624
6208 664 624
6224 664 624
6240 664 624
6256 664 624
6272 664 624
6288 664 624
6304 664 624
6320 665 624
6336 665 624
6352 665 624
6368 665 624
6384 665 624
6400 665 624
6416 665 624
6432 666 625
6448 666 625
6464 666 625
6480 666 625
6496 666 625
6512 666 625
6528 666 625
6544 667 625
6560 667 625
6576 667 625
6592 667 625
6608 667 626
6624 667 626
6640 668 626
6656 668 626
6672 668 626
6688 668 626
6704 668 626
6720 669 626
6736 669 627
6752 669 627
6768 669 627
6784 669 627
6800 670 627
6816 670 627
6832 670 628
6848 670 628
6864 670 628
6880 671 628
6896 671 628
6912 671 628
6928 671 629
6944 672 629
6960 672 629
6976 672 629
6992 672 629
7008 672 630
7024 673 630
7040 673 630
7056 673 630
7072 673 630
7088 674 631
7104 674 631
7120 674 631
7136 675 631
7152 675 632
7168 675 632
7184 675 632
7200 676 632
7216 676 632
7232 676 633
7248 676 633
7264 677 633
7280 677 633
7296 677 634
7312 678 634
7328 678 634
7344 678 635
7360 678 635
7376 679 635
7392 679 635
7408 679 636
7424 680 636
7440 680 636
7456 680 637
7472 681 637
7488 681 637
7504 681 637
7520 682 638
7536 682 638
7552 682 638
7568 683 639
7584 683 639
7600 683 639
7616 684 640
7632 684 640
7648 684 640
7664 685 641
7680 685 641
7696 685 641
7712 686 642
7728 686 642
7744 686 642
7760 687 643
7776 687 643
7792 688 643
7808 688 644
7824 688 644
7840 689 644
7856 689 645
7872 689 645
7888 690 646
7904 690 646
7920 691 646
7936 691 647
7952 691 647
7968 692 648
7984 692 648
8000 693 648
8016 693 649
8032 693 649
8048 694 650
8064 694 650
8080 695 650
8096 695 651
8112 695 651
8128 696 652
8144 696 652
8160 697 653
8176 697 653
8192 698 653
8208 698 654
8224 698 654
8240 699 655
8256 699 655
8272 700 656
8288 700 656
8304 701 657
8320 701 657
8336 701 657
8352 702 658
8368 702 658
8384 703 659
8400 703 659
8416 704 660
8432 704 660
8448 705 661
8464 705 661
8480 706 662
8496 706 662
8512 706 663
8528 707 663
8544 707 664
8560 708 664
8576 708 665
8592 709 665
8608 709 666
8624 710 666
8640 710 667
8656 711 667
8672 711 668
8688 712 668
8704 712 669
8720 713 669
8736 713 670
8752 714 670
8768 714 671
8784 715 671
8800 715 672
8816 716 673
8832 716 673
8848 717 674
8864 717 674
8880 718 675
8896 718 675
8912 719 676
8928 719 676
8944 720 677
8960 720 677
8976 721 678
8992 721 679
9008 722 679
9024 722 680
9040 723 680
9056 723 681
9072 724 681
9088 724 682
9104 725 683
9120 725 683
9136 726 684
9152 727 684
9168 727 685
9184 728 686
9200 728 686
9216 729 687
9232 729 687
9248 730 688
9264 730 689
9280 731 689
9296 731 690
9312 732 690
9328 733 691
9344 733 692
9360 734 692
9376 734 693
9392 735 694
9408 735 694
9424 736 695
9440 736 695
9456 737 696
9472 738 697
9488 738 697
9504 739 698
9520 739 699
9536 740 699
9552 740 700
9568 741 701
9584 742 701
9600 742 702
9616 743 703
9632 743 703
9648 744 704
9664 745 705
9680 745 705
9696 746 706
9712 746 707
9728 747 707
9744 747 708
9760 748 709
9776 749 709
9792 749 710
9808 750 711
9824 750 711
9840 751 712
9856 752 713
9872 752 713
9888 753 714
9904 753 715
9920 754 715
9936 755 716
9952 755 717
9968 756 717
9984 756 718
10000 757 719
10016 758 720
10032 758 720
10048 759 721
10064 760 722
10080 760 722
10096 761 723
10112 761 724
10128 762 724
10144 763 725
10160 763 726
10176 764 727
10192 764 727
10208 765 728
10224 766 729
10240 766 729
10256 767 730
10272 768 731
10288 768 732
10304 769 732
10320 769 733
10336 770 734
10352 771 735
10368 771 735
10384 772 736
10400 773 737
10416 773 738
10432 774 738
10448 775 739
10464 775 740
10480 776 740
10496 776 741
10512 777 742
10528 778 743
10544 778 743
10560 779 744
10576 780 745
10592 780 746
10608 781 746
10624 782 747
10640 782 748
10656 783 749
10672 784 750
10688 784 750
10704 785 751
10720 785 752
10736 786 753
10752 787 753
10768 787 754
10784 788 755
10800 789 756
10816 789 756
10832 790 757
10848 791 758
10864 791 759
10880 792 759
10896 793 760
10912 793 761
10928 794 762
10944 795 763
10960 795 763
10976 796 764
10992 797 765
11008 797 766
11024 798 766
11040 799 767
11056 799 768
11072 800 769
11088 801 770
11104 801 770
11120 802 771
11136 803 772
11152 803 773
11168 804 774
11184 805 774
11200 805 775
11216 806 776
11232 807 777
11248 807 778
11264 808 778
11280 809 779
11296 809 780
11312 810 781
11328 811 781
11344 811 782
11360 812 783
11376 813 784
11392 813 785
11408 814 785
11424 815 786
11440 815 787
11456 816 788
11472 817 789
11488 817 789
11504 818 790
11520 819 791
11536 819 792
11552 820 793
11568 821 794
11584 821 794
11600 822 795
11616 823 796
11632 823 797
11648 824 798
11664 825 798
11680 825 799
11696 826 800
11712 827 801
11728 827 802
11744 828 802
11760 829 803
11776 829 804
11792 830 805
11808 831 806
11824 831 806
11840 832 807
11856 833 808
11872 833 809
11888 834 810
11904 835 810
11920 835 811
11936 836 812
11952 837 813
11968 837 814
11984 838 815
12000 839 815
12016 839 816
12032 840 817
12048 841 818
12064 841 819
12080 842 819
12096 843 820
12112 843 821
12128 844 822
12144 845 823
12160 846 823
12176 846 824
12192 847 825
12208 848 826
12224 848 827
12240 849 828
12256 850 828
12272 850 829
12288 851 830
12304 852 831
12320 852 832
12336 853 832
12352 854 833
12368 854 834
12384 855 835
12400 856 836
12416 856 836
12432 857 837
12448 858 838
12464 858 839
12480 859 840
12496 860 841
12512 860 841
12528 861 842
12544 862 843
12560 862 844
12576 863 845
12592 864 845
12608 864 846
12624 865 847
12640 866 848
12656 866 849
12672 867 849
12688 868 850
12704 868 851
12720 869 852
12736 869 853
12752 870 853
12768 871 854
12784 871 855
12800 872 856
12816 873 857
12832 873 857
12848 874 858
12864 875 859
12880 875 860
12896 876 861
12912 877 861
12928 877 862
12944 878 863
12960 879 864
12976 879 865
12992 880 865
13008 881 866
13024 881 867
13040 882 868
13056 883 869
13072 883 869
13088 884 870
13104 884 871
13120 885 872
13136 886 872
13152 886 873
13168 887 874
13184 888 875
13200 888 876
13216 889 876
13232 890 877
13248 890 878
13264 891 879
13280 892 880
13296 892 880
13312 893 881
13328 893 882
13344 894 883
13360 895 883
13376 895 884
13392 896 885
13408 897 886
13424 897 887
13440 898 887
13456 898 888
13472 899 889
13488 900 890
13504 900 890
13520 901 891
13536 902 892
13552 902 893
13568 903 893
13584 903 894
13600 904 895
13616 905 896
13632 905 896
13648 906 897
13664 906 898
13680 907 899
13696 908 899
13712 908 900
13728 909 901
13744 910 902
13760 910 902
13776 911 903
13792 911 904
13808 912 905
13824 913 905
13840 913 906
13856 914 907
13872 914 908
13888 915 908
13904 916 909
13920 916 910
13936 917 911
13952 917 911
13968 918 912
13984 918 913
14000 919 913
14016 920 914
14032 920 915
14048 921 916
14064 921 916
14080 922 917
14096 923 918
14112 923 919
14128 924 919
14144 924 920
14160 925 921
14176 925 921
14192 926 922
14208 927 923
14224 927 924
14240 928 924
14256 928 925
14272 929 926
14288 929 926
14304 930 927
14320 931 928
14336 931 928
14352 932 929
14368 932 930
14384 933 931
14400 933 931
14416 934 932
14432 934 933
14448 935 933
14464 936 934
14480 936 935
14496 937 935
14512 937 936
14528 938 937
14544 938 937
14560 939 938
14576 939 939
14592 940 939
14608 940 940
14624 941 941
14640 941 941
14656 942 942
14672 943 943
14688 943 943
14704 944 944
14720 944 945
14736 945 945
14752 945 946
14768 946 947
14784 946 947
14800 947 948
14816 947 949
14832 948 949
14848 948 950
14864 949 950
14880 949 951
14896 950 952
14912 950 952
14928 951 953
14944 951 954
14960 952 954
14976 952 955
14992 953 955
15008 953 956
15024 954 957
15040 954 957
15056 955 958
15072 955 959
15088 956 959
15104 956 960
15120 957 960
15136 957 961
15152 958 962
15168 958 962
15184 959 963
15200 959 963
15216 960 964
15232 960 965
15248 960 965
15264 961 966
15280 961 966
15296 962 967
15312 962 967
15328 963 968
15344 963 969
15360 964 969
15376 964 970
15392 965 970
15408 965 971
15424 965 971
15440 966 972
15456 966 973
15472 967 973
15488 967 974
15504 968 974
15520 968 975
15536 969 975
15552 969 976
15568 969 976
15584 970 977
15600 970 978
15616 971 978
15632 971 979
15648 972 979
15664 972 980
15680 972 980
15696 973 981
15712 973 981
15728 974 982
15744 974 982
15760 974 983
15776 975 983
15792 975 984
15808 976 984
15824 976 985
15840 976 985
15856 977 986
15872 977 986
15888 978 987
15904 978 987
15920 978 988
15936 979 988
15952 979 989
15968 979 989
15984 980 990
16000 980 990
16016 981 991
16032 981 991
16048 981 992
16064 982 992
16080 982 993
16096 982 993
16112 983 994
16128 983 994
16144 983 995
16160 984 995
16176 984 995
16192 985 996
16208 985 996
16224 985 997
16240 986 997
16256 986 998
16272 986 998
16288 987 999
16304 987 999
16320 987 999
16336 988 1000
16352 988 1000
16368 988 1001
16384 989 1001
16400 989 1002
16416 989 1002
16432 990 1002
16448 990 1003
16464 990 1003
16480 990 1004
16496 991 1004
16512 991 1004
16528 991 1005
16544 992 1005
16560 992 1006
16576 992 1006
16592 993 1006
16608 993 1007
16624 993 1007
16640 993 1007
16656 994 1008
16672 994 1008
16688 994 1009
16704 995 1009
16720 995 1009
16736 995 1010
16752 995 1010
16768 996 1010
16784 996 1011
16800 996 1011
16816 996 1011
16832 997 1012
16848 997 1012
16864 997 1013
16880 997 1013
16896 998 1013
16912 998 1014
16928 998 1014
16944 998 1014
16960 999 1015
16976 999 1015
16992 999 1015
17008 999 1015
17024 1000 1016
17040 1000 1016
17056 1000 1016
17072 1000 1017
17088 1000 1017
17104 1001 1017
17120 1001 1018
17136 1001 1018
17152 1001 1018
17168 1002 1018
17184 1002 1019
17200 1002 1019
17216 1002 1019
17232 1002 1020
17248 1003 1020
17264 1003 1020
17280 1003 1020
17296 1003 1021
17312 1003 1021
17328 1003 1021
17344 1004 1021
17360 1004 1022
17376 1004 1022
17392 1004 1022
17408 1004 1022
17424 1005 1023
17440 1005 1023
17456 1005 1023
17472 1005 1023
17488 1005 1024
17504 1005 1024
17520 1005 1024
17536 1006 1024
17552 1006 1025
17568 1006 1025
17584 1006 1025
17600 1006 1025
17616 1006 1025
17632 1007 1026
17648 1007 1026
17664 1007 1026
17680 1007 1026
17696 1007 1026
17712 1007 1027
17728 1007 1027
17744 1007 1027
17760 1008 1027
17776 1008 1027
17792 1008 1028
17808 1008 1028
17824 1008 1028
17840 1008 1028
17856 1008 1028
17872 1008 1028
17888 1008 1029
17904 1008 1029
17920 1009 1029
17936 1009 1029
17952 1009 1029
17968 1009 1029
17984 1009 1030
18000 1009 1030
18016 1009 1030
18032 1009 1030
18048 1009 1030
18064 1009 1030
18080 1009 1030
18096 1009 1031
18112 1010 1031
18128 1010 1031
18144 1010 1031
18160 1010 1031
18176 1010 1031
18192 1010 1031
18208 1010 1031
18224 1010 1031
18240 1010 1032
18256 1010 1032
18272 1010 1032
18288 1010 1032
18304 1010 1032
18320 1010 1032
18336 1010 1032
18352 1010 1032
18368 1010 1032
18384 1010 1032
18400 1010 1032
18416 1010 1032
18432 1010 1033
18448 1010 1033
18464 1010 1033
18480 1010 1033
18496 1010 1033
18512 1010 1033
18528 1010 1033
18544 1010 1033
18560 1010 1033
18576 1010 1033
18592 1010 1033
18608 1010 1033
18624 1010 1033
18640 1010 1033
18656 1010 1033
18672 1010 1033
18688 1010 1033
18704 1010 1033
18720 1010 1033
18736 1010 1033
18752 1010 1033
18768 1010 1033
18784 1010 1033
18800 1010 1033
18816 1010 1033
18832 1010 1033
18848 1010 1033
18864 1010 1033
18880 1010 1033
18896 1010 1033
18912 1010 1033
18928 1010 1033
18944 1010 1033
18960 1009 1033
18976 1009 1033
18992 1009 1033
19008 1009 1033
19024 1009 1033
19040 1009 1033
19056 1009 1033
19072 1009 1033
19088 1009 1033
19104 1009 1033
19120 1009 1033
19136 1009 1033
19152 1009 1033
19168 1008 1033
19184 1008 1032
19200 1008 1032
19216 1008 1032
19232 1008 1032
19248 1008 1032
19264 1008 1032
19280 1008 1032
19296 1008 1032
19312 1007 1032
19328 1007 1032
19344 1007 1032
19360 1007 1032
19376 1007 1032
19392 1007 1031
19408 1007 1031
19424 1007 1031
19440 1006 1031
19456 1006 1031
19472 1006 1031
19488 1006 1031
19504 1006 1031
19520 1006 1031
19536 1006 1030
19552 1005 1030
19568 1005 1030
19584 1005 1030
19600 1005 1030
19616 1005 1030
19632 1005 1030
19648 1005 1029
19664 1004 1029
19680 1004 1029
19696 1004 1029
19712 1004 1029
19728 1004 1029
19744 1004 1029
19760 1003 1028
19776 1003 1028
19792 1003 1028
19808 1003 1028
19824 1003 1028
19840 1002 1028
19856 1002 1027
19872 1002 1027
19888 1002 1027
19904 1002 1027
19920 1001 1027
19936 1001 1026
19952 1001 1026
19968 1001 1026
19984 1001 1026
20000 1000 1026
20016 1000 1025
20032 1000 1025
20048 1000 1025
20064 1000 1025
20080 999 1025
20096 999 1024
20112 999 1024
20128 999 1024
20144 998 1024
20160 998 1024
20176 998 1023
20192 998 1023
20208 997 1023
20224 997 1023
20240 997 1022
20256 997 1022
20272 996 1022
20288 996 1022
20304 996 1021
20320 996 1021
20336 995 1021
20352 995 1021
20368 995 1020
20384 995 1020
20400 994 1020
20416 994 1020
20432 994 1019
20448 994 1019
20464 993 1019
20480 993 1019
20496 993 1018
20512 993 1018
20528 992 1018
20544 992 1017
20560 992 1017
20576 991 1017
20592 991 1017
20608 991 1016
20624 991 1016
20640 990 1016
20656 990 1015
20672 990 1015
20688 989 1015
20704 989 1014
20720 989 1014
20736 988 1014
20752 988 1014
20768 988 1013
20784 988 1013
20800 987 1013
20816 987 1012
20832 987 1012
20848 986 1012
20864 986 1011
20880 986 1011
20896 985 1011
20912 985 1010
20928 985 1010
20944 984 1010
20960 984 1009
20976 984 1009
20992 983 1009
21008 983 1008
21024 983 1008
21040 982 1008
21056 982 1007
21072 982 1007
21088 981 1006
21104 981 1006
21120 981 1006
21136 980 1005
21152 980 1005
21168 980 1005
21184 979 1004
21200 979 1004
21216 978 1004
21232 978 1003
21248 978 1003
21264 977 1002
21280 977 1002
21296 977 1002
21312 976 1001
21328 976 1001
21344 976 1000
21360 975 1000
21376 975 1000
21392 974 999
21408 974 999
21424 974 998
21440 973 998
21456 973 998
21472 972 997
21488 972 997
21504 972 996
21520 971 996
21536 971 996
21552 971 995
21568 970 995
21584 970 994
21600 969 994
21616 969 993
21632 969 993
21648 968 993
21664 968 992
21680 967 992
21696 967 991
21712 967 991
21728 966 990
21744 966 990
21760 965 990
21776 965 989
21792 964 989
21808 964 988
21824 964 988
21840 963 987
21856 963 987
21872 962 986
21888 962 986
21904 961 986
21920 961 985
21936 961 985
21952 960 984
21968 960 984
21984 959 983
22000 959 983
22016 958 982
22032 958 982
22048 958 981
22064 957 981
22080 957 980
22096 956 980
22112 956 979
22128 955 979
22144 955 978
22160 955 978
22176 954 978
22192 954 977
22208 953 977
22224 953 976
22240 952 976
22256 952 975
22272 951 975
22288 951 974
22304 950 974
22320 950 973
22336 950 973
22352 949 972
22368 949 972
22384 948 971
22400 948 971
22416 947 970
22432 947 970
22448 946 969
22464 946 969
22480 945 968
22496 945 967
22512 944 967
22528 944 966
22544 943 966
22560 943 965
22576 942 965
22592 942 964
22608 942 964
22624 941 963
22640 941 963
22656 940 962
22672 940 962
22688 939 961
22704 939 961
22720 938 960
22736 938 960
22752 937 959
22768 937 959
22784 936 958
22800 936 957
22816 935 957
22832 935 956
22848 934 956
22864 934 955
22880 933 955
22896 933 954
22912 932 954
22928 932 953
22944 931 953
22960 931 952
22976 930 951
22992 930 951
23008 929 950
23024 929 950
23040 928 949
23056 928 949
23072 927 948
23088 927 948
23104 926 947
23120 926 946
23136 925 946
23152 925 945
23168 924 945
23184 924 944
23200 923 944
23216 923 943
23232 922 942
23248 922 942
23264 921 941
23280 921 941
23296 920 940
23312 920 940
23328 919 939
23344 919 938
23360 918 938
23376 918 937
23392 917 937
23408 917 936
23424 916 936
23440 915 935
23456 915 934
23472 914 934
23488 914 933
23504 913 933
23520 913 932
23536 912 932
23552 912 931
23568 911 930
23584 911 930
23600 910 929
23616 910 929
23632 909 928
23648 909 927
23664 908 927
23680 908 926
23696 907 926
23712 907 925
23728 906 924
23744 906 924
23760 905 923
23776 904 923
23792 904 922
23808 903 921
23824 903 921
23840 902 920
23856 902 920
23872 901 919
23888 901 918
23904 900 918
23920 900 917
23936 899 917
23952 899 916
23968 898 915
23984 898 915
24000 897 914
24016 897 914
24032 896 913
24048 895 912
24064 895 912
24080 894 911
24096 894 911
24112 893 910
24128 893 909
24144 892 909
24160 892 908
24176 891 908
24192 891 907
24208 890 906
24224 890 906
24240 889 905
24256 888 905
24272 888 904
24288 887 903
24304 887 903
24320 886 902
24336 886 901
24352 885 901
24368 885 900
24384 884 900
24400 884 899
24416 883 898
24432 883 898
24448 882 897
24464 882 897
24480 881 896
24496 880 895
24512 880 895
24528 879 894
24544 879 894
24560 878 893
24576 878 892
24592 877 892
24608 877 891
24624 876 890
24640 876 890
24656 875 889
24672 875 889
24688 874 888
24704 873 887
24720 873 887
24736 872 886
24752 872 886
24768 871 885
24784 871 884
24800 870 884
24816 870 883
24832 869 882
24848 869 882
24864 868 881
24880 868 881
24896 867 880
24912 867 879
24928 866 879
24944 865 878
24960 865 878
24976 864 877
24992 864 876
25008 863 876
25024 863 875
25040 862 874
25056 862 874
25072 861 873
25088 861 873
25104 860 872
25120 860 871
25136 859 871
25152 859 870
25168 858 870
25184 858 869
25200 857 868
25216 856 868
25232 856 867
25248 855 867
25264 855 866
25280 854 865
25296 854 865
25312 853 864
25328 853 863
25344 852 863
25360 852 862
25376 851 862
25392 851 861
25408 850 860
25424 850 860
25440 849 859
25456 849 859
25472 848 858
25488 848 857
25504 847 857
25520 847 856
25536 846 856
25552 846 855
25568 845 854
25584 845 854
25600 844 853
25616 844 853
25632 843 852
25648 842 851
25664 842 851
25680 841 850
25696 841 850
25712 840 849
25728 840 848
25744 839 848
25760 839 847
25776 838 847
25792 838 846
25808 837 845
25824 837 845
25840 836 844
25856 836 844
25872 835 843
25888 835 842
25904 834 842
25920 834 841
25936 833 841
25952 833 840
25968 832 840
25984 832 839
26000 831 838
26016 831 838
26032 830 837
26048 830 837
26064 829 836
26080 829 835
26096 828 835
26112 828 834
26128 828 834
26144 827 833
26160 827 833
26176 826 832
26192 826 831
26208 825 831
26224 825 830
26240 824 830
26256 824 829
26272 823 829
26288 823 828
26304 822 827
26320 822 827
26336 821 826
26352 821 826
26368 820 825
26384 820 825
26400 819 824
26416 819 823
26432 818 823
26448 818 822
26464 817 822
26480 817 821
26496 817 821
26512 816 820
26528 816 819
26544 815 819
26560 815 818
26576 814 818
26592 814 817
26608 813 817
26624 813 816
26640 812 816
26656 812 815
26672 811 814
26688 811 814
26704 811 813
26720 810 813
26736 810 812
26752 809 812
26768 809 811
26784 808 811
26800 808 810
26816 807 810
26832 807 809
26848 807 809
26864 806 808
26880 806 807
26896 805 807
26912 805 806
26928 804 806
26944 804 805
26960 804 805
26976 803 804
26992 803 804
27008 802 803
27024 802 803
27040 801 802
27056 801 802
27072 801 801
27088 800 801
27104 800 800
27120 799 800
27136 799 799
27152 798 799
27168 798 798
27184 798 798
27200 797 797
27216 797 797
27232 796 796
27248 796 796
27264 796 795
27280 795 795
27296 795 794
27312 794 794
27328 794 793
27344 794 793
27360 793 792
27376 793 792
27392 792 791
27408 792 791
27424 792 790
27440 791 790
27456 791 789
27472 790 789
27488 790 788
27504 790 788
27520 789 787
27536 789 787
27552 788 786
27568 788 786
27584 788 785
27600 787 785
27616 787 784
27632 787 784
27648 786 783
27664 786 783
27680 785 782
27696 785 782
27712 785 782
27728 784 781
27744 784 781
27760 784 780
27776 783 780
27792 783 779
27808 782 779
27824 782 778
27840 782 778
27856 781 777
27872 781 777
27888 781 777
27904 780 776
27920 780 776
27936 780 775
27952 779 775
27968 779 774
27984 779 774
28000 778 773
28016 778 773
28032 778 773
28048 777 772
28064 777 772
28080 777 771
28096 776 771
28112 776 770
28128 776 770
28144 775 770
28160 775 769
28176 775 769
28192 774 768
28208 774 768
28224 774 768
28240 773 767
28256 773 767
28272 773 766
28288 772 766
28304 772 766
28320 772 765
28336 772 765
28352 771 764
28368 771 764
28384 771 764
28400 770 763
28416 770 763
28432 770 762
28448 769 762
28464 769 762
28480 769 761
28496 769 761
28512 768 760
28528 768 760
28544 768 760
28560 767 759
28576 767 759
28592 767 759
28608 767 758
28624 766 758
28640 766 758
28656 766 757
28672 765 757
28688 765 756
28704 765 756
28720 765 756
28736 764 755
28752 764 755
28768 764 755
28784 764 754
28800 763 754
28816 763 754
28832 763 753
28848 763 753
28864 762 753
28880 762 752
28896 762 752
28912 762 752
28928 761 751
28944 761 751
28960 761 751
28976 761 750
28992 760 750
29008 760 750
29024 760 749
29040 760 749
29056 759 749
29072 759 748
29088 759 748
29104 759 748
29120 759 747
29136 758 747
29152 758 747
29168 758 747
29184 758 746
29200 757 746
29216 757 746
29232 757 745
29248 757 745
29264 757 745
29280 756 745
29296 756 744
29312 756 744
29328 756 744
29344 756 743
29360 755 743
29376 755 743
29392 755 743
29408 755 742
29424 755 742
29440 755 742
29456 754 742
29472 754 741
29488 754 741
29504 754 741
29520 754 740
29536 753 740
29552 753 740
29568 753 740
29584 753 739
29600 753 739
29616 753 739
29632 752 739
29648 752 739
29664 752 738
29680 752 738
29696 752 738
29712 752 738
29728 751 737
29744 751 737
29760 751 737
29776 751 737
29792 751 736
29808 751 736
29824 751 736
29840 750 736
29856 750 736
29872 750 735
29888 750 735
29904 750 735
29920 750 735
29936 750 735
29952 750 734
29968 749 734
29984 749 734
30000 749 734
30016 749 734
30032 749 733
30048 749 733
30064 749 733
30080 749 733
30096 748 733
30112 748 732
30128 748 732
30144 748 732
30160 748 732
30176 748 732
30192 748 732
30208 748 731
30224 748 731
30240 748 731
30256 747 731
30272 747 731
30288 747 731
30304 747 731
30320 747 730
30336 747 730
30352 747 730
30368 747 730
30384 747 730
30400 747 730
30416 747 730
30432 747 729
30448 747 729
30464 746 729
30480 746 729
30496 746 729
30512 746 729
30528 746 729
30544 746 728
30560 746 728
30576 746 728
30592 746 728
30608 746 728
30624 746 728
30640 746 728
30656 746 728
30672 746 728
30688 746 728
30704 746 727
30720 746 727
30736 746 727
30752 746 727
30768 746 727
30784 746 727
30800 745 727
30816 745 727
30832 745 727
30848 745 727
30864 745 727
30880 745 726
30896 745 726
30912 745 726
30928 745 726
30944 745 726
30960 745 726
30976 745 726
30992 745 726
31008 745 726
31024 745 726
31040 745 726
31056 745 726
31072 745 726
31088 745 726
31104 745 726
31120 745 726
31136 745 726
31152 745 726
31168 745 725
31184 745 725
31200 745 725
31216 745 725
31232 745 725
31248 745 725
31264 745 725
31280 745 725
31296 746 725
31312 746 725
31328 746 725
31344 746 725
31360 746 725
31376 746 725
31392 746 725
31408 746 725
31424 746 725
31440 746 725
31456 746 725
31472 746 725
31488 746 725
31504 746 725
31520 746 725
31536 746 725
31552 746 725
31568 746 725
31584 746 725
31600 746 725
31616 746 725
31632 747 725
31648 747 725
31664 747 725
31680 747 725
31696 747 725
31712 747 726
31728 747 726
31744 747 726
31760 747 726
31776 747 726
31792 747 726
31808 747 726
31824 747 726
31840 748 726
31856 748 726
31872 748 726
31888 748 726
31904 748 726
31920 748 726
31936 748 726
31952 748 726
31968 748 726
31984 748 726
32000 748 726
32016 749 727
32032 749 727
32048 749 727
32064 749 727
32080 749 727
32096 749 727
32112 749 727
32128 749 727
32144 749 727
32160 750 727
32176 750 727
32192 750 728
32208 750 728
32224 750 728
32240 750 728
32256 750 728
32272 750 728
32288 751 728
32304 751 728
32320 751 728
32336 751 728
32352 751 729
32368 751 729
32384 751 729
32400 752 729
32416 752 729
32432 752 729
32448 752 729
32464 752 729
32480 752 730
32496 753 730
32512 753 730
32528 753 730
32544 753 730
32560 753 730
32576 753 730
32592 753 731
32608 754 731
32624 754 731
32640 754 731
32656 754 731
32672 754 731
32688 754 732
32704 755 732
32720 755 732
32736 755 732
32752 755 732
32768 755 732
32784 756 733
32800 756 733
32816 756 733
32832 756 733
32848 756 733
32864 756 733
32880 757 734
32896 757 734
32912 757 734
32928 757 734
32944 757 734
32960 758 734
32976 758 735
32992 758 735
33008 758 735
33024 758 735
33040 759 735
33056 759 736
33072 759 736
33088 759 736
33104 759 736
33120 760 736
33136 760 737
33152 760 737
33168 760 737
33184 761 737
33200 761 738
33216 761 738
33232 761 738
33248 761 738
33264 762 738
33280 762 739
33296 762 739
33312 762 739
33328 763 739
33344 763 740
33360 763 740
33376 763 740
33392 764 740
33408 764 741
33424 764 741
33440 764 741
33456 764 741
33472 765 742
33488 765 742
33504 765 742
33520 765 742
33536 766 743
33552 766 743
33568 766 743
33584 766 743
33600 767 744
33616 767 744
33632 767 744
33648 767 744
33664 768 745
33680 768 745
33696 768 745
33712 768 745
33728 769 746
33744 769 746
33760 769 746
33776 770 747
33792 770 747
33808 770 747
33824 770 747
33840 771 748
33856 771 748
33872 771 748
33888 771 749
33904 772 749
33920 772 749
33936 772 749
33952 773 750
33968 773 750
33984 773 750
34000 773 751
34016 774 751
34032 774 751
34048 774 751
34064 775 752
34080 775 752
34096 775 752
34112 775 753
34128 776 753
34144 776 753
34160 776 754
34176 777 754
34192 777 754
34208 777 755
34224 777 755
34240 778 755
34256 778 756
34272 778 756
34288 779 756
34304 779 757
34320 779 757
34336 780 757
34352 780 758
34368 780 758
34384 780 758
34400 781 759
34416 781 759
34432 781 759
34448 782 760
34464 782 760
34480 782 760
34496 783 761
34512 783 761
34528 783 761
34544 784 762
34560 784 762
34576 784 762
34592 785 763
34608 785 763
34624 785 763
34640 786 764
34656 786 764
34672 786 764
34688 787 765
34704 787 765
34720 787 766
34736 788 766
34752 788 766
34768 788 767
34784 788 767
34800 789 767
34816 789 768
34832 789 768
34848 790 768
34864 790 769
34880 791 769
34896 791 770
34912 791 770
34928 792 770
34944 792 771
34960 792 771
34976 793 771
34992 793 772
35008 793 772
35024 794 773
35040 794 773
35056 794 773
35072 795 774
35088 795 774
35104 795 775
35120 796 775
35136 796 775
35152 796 776
35168 797 776
35184 797 777
35200 797 777
35216 798 777
35232 798 778
35248 798 778
35264 799 778
35280 799 779
35296 800 779
35312 800 780
35328 800 780
35344 801 781
35360 801 781
35376 801 781
35392 802 782
35408 802 782
35424 802 783
35440 803 783
35456 803 783
35472 803 784
35488 804 784
35504 804 785
35520 805 785
35536 805 785
35552 805 786
35568 806 786
35584 806 787
35600 806 787
35616 807 788
35632 807 788
35648 808 788
35664 808 789
35680 808 789
35696 809 790
35712 809 790
35728 809 790
35744 810 791
35760 810 791
35776 810 792
35792 811 792
35808 811 793
35824 812 793
35840 812 793
35856 812 794
35872 813 794
35888 813 795
35904 813 795
35920 814 796
35936 814 796
35952 815 797
35968 815 797
35984 815 797
36000 816 798
36016 816 798
36032 817 799
36048 817 799
36064 817 800
36080 818 800
36096 818 800
36112 818 801
36128 819 801
36144 819 802
36160 820 802
36176 820 803
36192 820 803
36208 821 804
36224 821 804
36240 822 804
36256 822 805
36272 822 805
36288 823 806
36304 823 806
36320 823 807
36336 824 807
36352 824 808
36368 825 808
36384 825 809
36400 825 809
36416 826 809
36432 826 810
36448 827 810
36464 827 811
36480 827 811
36496 828 812
36512 828 812
36528 829 813
36544 829 813
36560 829 814
36576 830 814
36592 830 814
36608 830 815
36624 831 815
36640 831 816
36656 832 816
36672 832 817
36688 832 817
36704 833 818
36720 833 818
36736 834 819
36752 834 819
36768 834 819
36784 835 820
36800 835 820
36816 836 821
36832 836 821
36848 836 822
36864 837 822
36880 837 823
36896 838 823
36912 838 824
36928 838 824
36944 839 825
36960 839 825
36976 840 826
36992 840 826
37008 840 826
37024 841 827
37040 841 827
37056 841 828
37072 842 828
37088 842 829
37104 843 829
37120 843 830
37136 843 830
37152 844 831
37168 844 831
37184 845 832
37200 845 832
37216 845 832
37232 846 833
37248 846 833
37264 847 834
37280 847 834
37296 847 835
37312 848 835
37328 848 836
37344 849 836
37360 849 837
37376 849 837
37392 850 838
37408 850 838
37424 851 839
37440 851 839
37456 851 840
37472 852 840
37488 852 840
37504 853 841
37520 853 841
37536 853 842
37552 854 842
37568 854 843
37584 854 843
37600 855 844
37616 855 844
37632 856 845
37648 856 845
37664 856 846
37680 857 846
37696 857 847
37712 858 847
37728 858 847
37744 858 848
37760 859 848
37776 859 849
37792 860 849
37808 860 850
37824 860 850
37840 861 851
37856 861 851
37872 862 852
37888 862 852
37904 862 853
37920 863 853
37936 863 853
37952 863 854
37968 864 854
37984 864 855
38000 865 855
38016 865 856
38032 865 856
38048 866 857
38064 866 857
38080 867 858
38096 867 858
38112 867 859
38128 868 859
38144 868 859
38160 868 860
38176 869 860
38192 869 861
38208 870 861
38224 870 862
38240 870 862
38256 871 863
38272 871 863
38288 871 864
38304 872 864
38320 872 865
38336 873 865
38352 873 865
38368 873 866
38384 874 866
38400 874 867
38416 875 867
38432 875 868
38448 875 868
38464 876 869
38480 876 869
38496 876 870
38512 877 870
38528 877 870
38544 877 871
38560 878 871
38576 878 872
38592 879 872
38608 879 873
38624 879 873
38640 880 874
38656 880 874
38672 880 874
38688 881 875
38704 881 875
38720 882 876
38736 882 876
38752 882 877
38768 883 877
38784 883 878
38800 883 878
38816 884 878
38832 884 879
38848 884 879
38864 885 880
38880 885 880
38896 886 881
38912 886 881
38928 886 881
38944 887 882
38960 887 882
38976 887 883
38992 888 883
39008 888 884
39024 888 884
39040 889 885
39056 889 885
39072 889 885
39088 890 886
39104 890 886
39120 890 887
39136 891 887
39152 891 888
39168 892 888
39184 892 888
39200 892 889
39216 893 889
39232 893 890
39248 893 890
39264 894 890
39280 894 891
39296 894 891
39312 895 892
39328 895 892
39344 895 893
39360 896 893
39376 896 893
39392 896 894
39408 897 894
39424 897 895
39440 897 895
39456 898 895
39472 898 896
39488 898 896
39504 899 897
39520 899 897
39536 899 898
39552 900 898
39568 900 898
39584 900 899
39600 901 899
39616 901 900
39632 901 900
39648 902 900
39664 902 901
39680 902 901
39696 903 902
39712 903 902
39728 903 902
39744 904 903
39760 904 903
39776 904 903
39792 904 904
39808 905 904
39824 905 905
39840 905 905
39856 906 905
39872 906 906
39888 906 906
39904 907 907
39920 907 907
39936 907 907
39952 908 908
39968 908 908
39984 908 908
40000 908 909
40016 909 909
40032 909 910
40048 909 910
40064 910 910
40080 910 911
40096 910 911
40112 911 911
40128 911 912
40144 911 912
40160 911 913
40176 912 913
40192 912 913
40208 912 914
40224 913 914
40240 913 914
40256 913 915
40272 913 915
40288 914 915
40304 914 916
40320 914 916
40336 915 917
40352 915 917
40368 915 917
40384 915 918
40400 916 918
40416 916 918
40432 916 919
40448 917 919
40464 917 919
40480 917 920
40496 917 920
40512 918 920
40528 918 921
40544 918 921
40560 918 921
40576 919 922
40592 919 922
40608 919 922
40624 920 923
40640 920 923
40656 920 923
40672 920 924
40688 921 924
40704 921 924
40720 921 925
40736 921 925
40752 922 925
40768 922 926
40784 922 926
40800 922 926
40816 923 927
40832 923 927
40848 923 927
40864 923 928
40880 924 928
40896 924 928
40912 924 928
40928 924 929
40944 925 929
40960 925 929
40976 925 930
40992 925 930
41008 926 930
41024 926 931
41040 926 931
41056 926 931
41072 926 932
41088 927 932
41104 927 932
41120 927 932
41136 927 933
41152 928 933
41168 928 933
41184 928 934
41200 928 934
41216 928 934
41232 929 934
41248 929 935
41264 929 935
41280 929 935
41296 930 936
41312 930 936
41328 930 936
41344 930 936
41360 930 937
41376 931 937
41392 931 937
41408 931 937
41424 931 938
41440 931 938
41456 932 938
41472 932 938
41488 932 939
41504 932 939
41520 932 939
41536 933 940
41552 933 940
41568 933 940
41584 933 940
41600 933 941
41616 934 941
41632 934 941
41648 934 941
41664 934 941
41680 934 942
41696 934 942
41712 935 942
41728 935 942
41744 935 943
41760 935 943
41776 935 943
41792 936 943
41808 936 944
41824 936 944
41840 936 944
41856 936 944
41872 936 945
41888 937 945
41904 937 945
41920 937 945
41936 937 945
41952 937 946
41968 937 946
41984 938 946
42000 938 946
42016 938 946
42032 938 947
42048 938 947
42064 938 947
42080 938 947
42096 939 947
42112 939 948
42128 939 948
42144 939 948
42160 939 948
42176 939 948
42192 939 949
42208 940 949
42224 940 949
42240 940 949
42256 940 949
42272 940 950
42288 940 950
42304 940 950
42320 941 950
42336 941 950
42352 941 951
42368 941 951
42384 941 951
42400 941 951
42416 941 951
42432 941 951
42448 942 952
42464 942 952
42480 942 952
42496 942 952
42512 942 952
42528 942 952
42544 942 953
42560 942 953
42576 942 953
42592 943 953
42608 943 953
42624 943 953
42640 943 953
42656 943 954
42672 943 954
42688 943 954
42704 943 954
42720 943 954
42736 943 954
42752 944 954
42768 944 955
42784 944 955
42800 944 955
42816 944 955
42832 944 955
42848 944 955
42864 944 955
42880 944 955
42896 944 956
42912 944 956
42928 944 956
42944 945 956
42960 945 956
42976 945 956
42992 945 956
43008 945 956
43024 945 957
43040 945 957
43056 945 957
43072 945 957
43088 945 957
43104 945 957
43120 945 957
43136 945 957
43152 945 957
43168 945 957
43184 945 958
43200 946 958
43216 946 958
43232 946 958
43248 946 958
43264 946 958
43280 946 958
43296 946 958
43312 946 958
43328 946 958
43344 946 958
43360 946 958
43376 946 959
43392 946 959
43408 946 959
43424 946 959
43440 946 959
43456 946 959
43472 946 959
43488 946 959
43504 946 959
43520 946 959
43536 946 959
43552 946 959
43568 946 959
43584 946 959
43600 946 959
43616 946 959
43632 946 959
43648 946 960
43664 946 960
43680 946 960
43696 946 960
43712 946 960
43728 946 960
43744 946 960
43760 946 960
43776 947 960
43792 947 960
43808 947 960
43824 946 960
43840 946 960
43856 946 960
43872 946 960
43888 946 960
43904 946 960
43920 946 960
43936 946 960
43952 946 960
43968 946 960
43984 946 960
44000 946 960
44016 946 960
44032 946 960
44048 946 960
44064 946 960
44080 946 960
44096 946 960
44112 946 960
44128 946 960
44144 946 960
44160 946 960
44176 946 960
44192 946 960
44208 946 960
44224 946 960
44240 946 960
44256 946 960
44272 946 960
44288 946 960
44304 946 960
44320 946 960
44336 946 960
44352 946 960
44368 946 960
44384 946 960
44400 946 960
44416 945 960
44432 945 960
44448 945 960
44464 945 960
44480 945 960
44496 945 960
44512 945 960
44528 945 960
44544 945 960
44560 945 959
44576 945 959
44592 945 959
44608 945 959
44624 945 959
44640 945 959
44656 945 959
44672 944 959
44688 944 959
44704 944 959
44720 944 959
44736 944 959
44752 944 959
44768 944 959
44784 944 959
44800 944 959
44816 944 959
44832 944 958
44848 944 958
44864 943 958
44880 943 958
44896 943 958
44912 943 958
44928 943 958
44944 943 958
44960 943 958
44976 943 958
44992 943 958
45008 943 958
45024 942 957
45040 942 957
45056 942 957
45072 942 957
45088 942 957
45104 942 957
45120 942 957
45136 942 957
45152 942 957
45168 942 957
45184 941 956
45200 941 956
45216 941 956
45232 941 956
45248 941 956
45264 941 956
45280 941 956
45296 941 956
45312 940 956
45328 940 955
45344 940 955
45360 940 955
45376 940 955
45392 940 955
45408 940 955
45424 940 955
45440 939 955
45456 939 954
45472 939 954
45488 939 954
45504 939 954
45520 939 954
45536 939 954
45552 938 954
45568 938 953
45584 938 953
45600 938 953
45616 938 953
45632 938 953
45648 938 953
45664 937 953
45680 937 952
45696 937 952
45712 937 952
45728 937 952
45744 937 952
45760 936 952
45776 936 952
45792 936 951
45808 936 951
45824 936 951
45840 936 951
45856 935 951
45872 935 951
45888 935 950
45904 935 950
45920 935 950
45936 935 950
45952 934 950
45968 934 950
45984 934 949
46000 934 949
46016 934 949
46032 934 949
46048 933 949
46064 933 948
46080 933 948
46096 933 948
46112 933 948
46128 933 948
46144 932 948
46160 932 947
46176 932 947
46192 932 947
46208 932 947
46224 931 947
46240 931 946
46256 931 946
46272 931 946
46288 931 946
46304 930 946
46320 930 945
46336 930 945
46352 930 945
46368 930 945
46384 929 945
46400 929 944
46416 929 944
46432 929 944
46448 929 944
46464 928 943
46480 928 943
46496 928 943
46512 928 943
46528 928 943
46544 927 942
46560 927 942
46576 927 942
46592 927 942
46608 927 942
46624 926 941
46640 926 941
46656 926 941
46672 926 941
46688 925 940
46704 925 940
46720 925 940
46736 925 940
46752 925 939
46768 924 939
46784 924 939
46800 924 939
46816 924 938
46832 923 938
46848 923 938
46864 923 938
46880 923 938
46896 923 937
46912 922 937
46928 922 937
46944 922 937
46960 922 936
46976 921 936
46992 921 936
47008 921 936
47024 921 935
47040 920 935
47056 920 935
47072 920 935
47088 920 934
47104 919 934
47120 919 934
47136 919 933
47152 919 933
47168 919 933
47184 918 933
47200 918 932
47216 918 932
47232 918 932
47248 917 932
47264 917 931
47280 917 931
47296 917 931
47312 916 931
47328 916 930
47344 916 930
47360 916 930
47376 915 929
47392 915 929
47408 915 929
47424 915 929
47440 914 928
47456 914 928
47472 914 928
47488 913 928
47504 913 927
47520 913 927
47536 913 927
47552 912 926
47568 912 926
47584 912 926
47600 912 926
47616 911 925
47632 911 925
47648 911 925
47664 911 924
47680 910 924
47696 910 924
47712 910 923
47728 910 923
47744 909 923
47760 909 923
47776 909 922
47792 908 922
47808 908 922
47824 908 921
47840 908 921
47856 907 921
47872 907 920
47888 907 920
47904 907 920
47920 906 920
47936 906 919
47952 906 919
47968 905 919
47984 905 918
48000 905 918
48016 905 918
48032 904 917
48048 904 917
48064 904 917
48080 903 917
48096 903 916
48112 903 916
48128 903 916
48144 902 915
48160 902 915
48176 902 915
48192 901 914
48208 901 914
48224 901 914
48240 901 913
48256 900 913
48272 900 913
48288 900 912
48304 899 912
48320 899 912
48336 899 911
48352 899 911
48368 898 911
48384 898 910
48400 898 910
48416 897 910
48432 897 909
48448 897 909
48464 897 909
48480 896 909
48496 896 908
48512 896 908
48528 895 908
48544 895 907
48560 895 907
48576 895 907
48592 894 906
48608 894 906
48624 894 906
48640 893 905
48656 893 905
48672 893 905
48688 892 904
48704 892 904
48720 892 904
48736 892 903
48752 891 903
48768 891 903
48784 891 902
48800 890 902
48816 890 902
48832 890 901
48848 889 901
48864 889 901
48880 889 900
48896 889 900
48912 888 899
48928 888 899
48944 888 899
48960 887 898
48976 887 898
48992 887 898
49008 886 897
49024 886 897
49040 886 897
49056 886 896
49072 885 896
49088 885 896
49104 885 895
49120 884 895
49136 884 895
49152 884 894
49168 883 894
49184 883 894
49200 883 893
49216 882 893
49232 882 893
49248 882 892
49264 882 892
49280 881 892
49296 881 891
49312 881 891
49328 880 891
49344 880 890
49360 880 890
49376 879 889
49392 879 889
49408 879 889
49424 879 888
49440 878 888
49456 878 888
49472 878 887
49488 877 887
49504 877 887
49520 877 886
49536 876 886
49552 876 886
49568 876 885
49584 875 885
49600 875 885
49616 875 884
49632 875 884
49648 874 884
49664 874 883
49680 874 883
49696 873 882
49712 873 882
49728 873 882
49744 872 881
49760 872 881
49776 872 881
49792 871 880
49808 871 880
49824 871 880
49840 871 879
49856 870 879
49872 870 879
49888 870 878
49904 869 878
49920 869 877
49936 869 877
49952 868 877
49968 868 876
49984 868 876
50000 867 876
50016 867 875
50032 867 875
50048 867 875
50064 866 874
50080 866 874
50096 866 874
50112 865 873
50128 865 873
50144 865 873
50160 864 872
50176 864 872
50192 864 871
50208 863 871
50224 863 871
50240 863 870
50256 863 870
50272 862 870
50288 862 869
50304 862 869
50320 861 869
50336 861 868
50352 861 868
50368 860 868
50384 860 867
50400 860 867
50416 860 866
50432 859 866
50448 859 866
50464 859 865
50480 858 865
50496 858 865
50512 858 864
50528 857 864
50544 857 864
50560 857 863
50576 856 863
50592 856 863
50608 856 862
50624 856 862
50640 855 862
50656 855 861
50672 855 861
50688 854 861
50704 854 860
50720 854 860
50736 854 859
50752 853 859
50768 853 859
50784 853 858
50800 852 858
50816 852 858
50832 852 857
50848 851 857
50864 851 857
50880 851 856
50896 851 856
50912 850 856
50928 850 855
50944 850 855
50960 849 855
50976 849 854
50992 849 854
51008 848 854
51024 848 853
51040 848 853
51056 848 853
51072 847 852
51088 847 852
51104 847 851
51120 846 851
51136 846 851
51152 846 850
51168 846 850
51184 845 850
51200 845 849
51216 845 849
51232 844 849
51248 844 848
51264 844 848
51280 844 848
51296 843 847
51312 843 847
51328 843 847
51344 842 846
51360 842 846
51376 842 846
51392 842 845
51408 841 845
51424 841 845
51440 841 844
51456 840 844
51472 840 844
51488 840 843
51504 840 843
51520 839 843
51536 839 842
51552 839 842
51568 839 842
51584 838 841
51600 838 841
51616 838 841
51632 837 840
51648 837 840
51664 837 840
51680 837 839
51696 836 839
51712 836 839
51728 836 838
51744 836 838
51760 835 838
51776 835 837
51792 835 837
51808 834 837
51824 834 836
51840 834 836
51856 834 836
51872 833 836
51888 833 835
51904 833 835
51920 833 835
51936 832 834
51952 832 834
51968 832 834
51984 832 833
52000 831 833
52016 831 833
52032 831 832
52048 831 832
52064 830 832
52080 830 831
52096 830 831
52112 830 831
52128 829 830
52144 829 830
52160 829 830
52176 829 830
52192 828 829
52208 828 829
52224 828 829
52240 828 828
52256 827 828
52272 827 828
52288 827 827
52304 827 827
52320 826 827
52336 826 827
52352 826 826
52368 826 826
52384 825 826
52400 825 825
52416 825 825
52432 825 825
52448 824 824
52464 824 824
52480 824 824
52496 824 824
52512 823 823
52528 823 823
52544 823 823
52560 823 822
52576 822 822
52592 822 822
52608 822 822
52624 822 821
52640 821 821
52656 821 821
52672 821 820
52688 821 820
52704 821 820
52720 820 820
52736 820 819
52752 820 819
52768 820 819
52784 819 818
52800 819 818
52816 819 818
52832 819 818
52848 819 817
52864 818 817
52880 818 817
52896 818 816
52912 818 816
52928 817 816
52944 817 816
52960 817 815
52976 817 815
52992 817 815
53008 816 815
53024 816 814
53040 816 814
53056 816 814
53072 816 814
53088 815 813
53104 815 813
53120 815 813
53136 815 812
53152 815 812
53168 814 812
53184 814 812
53200 814 811
53216 814 811
53232 814 811
53248 813 811
53264 813 810
53280 813 810
53296 813 810
53312 813 810
53328 812 809
53344 812 809
53360 812 809
53376 812 809
53392 812 808
53408 811 808
53424 811 808
53440 811 808
53456 811 808
53472 811 807
53488 810 807
53504 810 807
53520 810 807
53536 810 806
53552 810 806
53568 810 806
53584 809 806
53600 809 805
53616 809 805
53632 809 805
53648 809 805
53664 808 804
53680 808 804
53696 808 804
53712 808 804
53728 808 804
53744 808 803
53760 807 803
53776 807 803
53792 807 803
53808 807 802
53824 807 802
53840 807 802
53856 806 802
53872 806 802
53888 806 801
53904 806 801
53920 806 801
53936 806 801
53952 805 801
53968 805 800
53984 805 800
54000 805 800
54016 805 800
54032 805 800
54048 805 799
54064 804 799
54080 804 799
54096 804 799
54112 804 799
54128 804 798
54144 804 798
54160 803 798
54176 803 798
54192 803 798
54208 803 797
54224 803 797
54240 803 797
54256 803 797
54272 802 797
54288 802 796
54304 802 796
54320 802 796
54336 802 796
54352 802 796
54368 802 796
54384 802 795
54400 801 795
54416 801 795
54432 801 795
54448 801 795
54464 801 794
54480 801 794
54496 801 794
54512 801 794
54528 800 794
54544 800 794
54560 800 793
54576 800 793
54592 800 793
54608 800 793
54624 800 793
54640 800 793
54656 799 792
54672 799 792
54688 799 792
54704 799 792
54720 799 792
54736 799 792
54752 799 792
54768 799 791
54784 799 791
54800 799 791
54816 798 791
54832 798 791
54848 798 791
54864 798 791
54880 798 790
54896 798 790
54912 798 790
54928 798 790
54944 798 790
54960 798 790
54976 797 790
54992 797 789
55008 797 789
55024 797 789
55040 797 789
55056 797 789
55072 797 789
55088 797 789
55104 797 789
55120 797 788
55136 797 788
55152 796 788
55168 796 788
55184 796 788
55200 796 788
55216 796 788
55232 796 788
55248 796 787
55264 796 787
55280 796 787
55296 796 787
55312 796 787
55328 796 787
55344 796 787
55360 796 787
55376 795 787
55392 795 786
55408 795 786
55424 795 786
55440 795 786
55456 795 786
55472 795 786
55488 795 786
55504 795 786
55520 795 786
55536 795 786
55552 795 785
55568 795 785
55584 795 785
55600 795 785
55616 795 785
55632 795 785
55648 795 785
55664 794 785
55680 794 785
55696 794 785
55712 794 785
55728 794 785
55744 794 785
55760 794 784
55776 794 784
55792 794 784
55808 794 784
55824 794 784
55840 794 784
55856 794 784
55872 794 784
55888 794 784
55904 794 784
55920 794 784
55936 794 784
55952 794 784
55968 794 784
55984 794 784
56000 794 783
56016 794 783
56032 794 783
56048 794 783
56064 794 783
56080 794 783
56096 794 783
56112 794 783
56128 794 783
56144 794 783
56160 794 783
56176 794 783
56192 794 783
56208 794 783
56224 794 783
56240 794 783
56256 793 783
56272 793 783
56288 793 783
56304 793 783
56320 793 783
56336 793 783
56352 793 783
56368 793 782
56384 793 782
56400 793 782
56416 793 782
56432 793 782
56448 793 782
56464 793 782
56480 794 782
56496 794 782
56512 794 782
56528 794 782
56544 794 782
56560 794 782
56576 794 782
56592 794 782
56608 794 782
56624 794 782
56640 794 782
56656 794 782
56672 794 782
56688 794 782
56704 794 782
56720 794 782
56736 794 782
56752 794 782
56768 794 782
56784 794 782
56800 794 782
56816 794 782
56832 794 782
56848 794 782
56864 794 782
56880 794 782
56896 794 782
56912 794 782
56928 794 782
56944 794 782
56960 794 782
56976 794 782
56992 794 782
57008 794 782
57024 794 782
57040 794 782
57056 794 782
57072 795 782
57088 795 783
57104 795 783
57120 795 783
57136 795 783
57152 795 783
57168 795 783
57184 795 783
57200 795 783
57216 795 783
57232 795 783
57248 795 783
57264 795 783
57280 795 783
57296 795 783
57312 795 783
57328 795 783
57344 795 783
57360 795 783
57376 796 783
57392 796 783
57408 796 783
57424 796 783
57440 796 783
57456 796 783
57472 796 784
57488 796 784
57504 796 784
57520 796 784
57536 796 784
57552 796 784
57568 796 784
57584 796 784
57600 797 784
57616 797 784
57632 797 784
57648 797 784
57664 797 784
57680 797 784
57696 797 784
57712 797 785
57728 797 785
57744 797 785
57760 797 785
57776 797 785
57792 798 785
57808 798 785
57824 798 785
57840 798 785
57856 798 785
57872 798 785
57888 798 785
57904 798 785
57920 798 786
57936 798 786
57952 798 786
57968 799 786
57984 799 786
58000 799 786
58016 799 786
58032 799 786
58048 799 786
58064 799 786
58080 799 786
58096 799 787
58112 800 787
58128 800 787
58144 800 787
58160 800 787
58176 800 787
58192 800 787
58208 800 787
58224 800 787
58240 800 788
58256 801 788
58272 801 788
58288 801 788
58304 801 788
58320 801 788
58336 801 788
58352 801 788
58368 801 788
58384 801 789
58400 802 789
58416 802 789
58432 802 789
58448 802 789
58464 802 789
58480 802 789
58496 802 789
58512 802 790
58528 803 790
58544 803 790
58560 803 790
58576 803 790
58592 803 790
58608 803 790
58624 803 790
58640 804 791
58656 804 791
58672 804 791
58688 804 791
58704 804 791
58720 804 791
58736 804 791
58752 804 792
58768 805 792
58784 805 792
58800 805 792
58816 805 792
58832 805 792
58848 805 792
58864 805 793
58880 806 793
58896 806 793
58912 806 793
58928 806 793
58944 806 793
58960 806 794
58976 806 794
58992 807 794
59008 807 794
59024 807 794
59040 807 794
59056 807 794
59072 807 795
59088 808 795
59104 808 795
59120 808 795
59136 808 795
59152 808 795
59168 808 796
59184 809 796
59200 809 796
59216 809 796
59232 809 796
59248 809 796
59264 809 797
59280 809 797
59296 810 797
59312 810 797
59328 810 797
59344 810 798
59360 810 798
59376 810 798
59392 811 798
59408 811 798
59424 811 798
59440 811 799
59456 811 799
59472 811 799
59488 812 799
59504 812 799
59520 812 799
59536 812 800
59552 812 800
59568 813 800
59584 813 800
59600 813 800
59616 813 801
59632 813 801
59648 813 801
59664 814 801
59680 814 801
59696 814 802
59712 814 802
59728 814 802
59744 814 802
59760 815 802
59776 815 803
59792 815 803
59808 815 803
59824 815 803
59840 816 803
59856 816 804
59872 816 804
59888 816 804
59904 816 804
59920 817 804
59936 817 805
59952 817 805
59968 817 805
59984 817 805
60000 817 805
60016 818 806
60032 818 806
60048 818 806
60064 818 806
60080 818 806
60096 819 807
60112 819 807
60128 819 807
60144 819 807
60160 819 808
60176 820 808
60192 820 808
60208 820 808
60224 820 808
60240 820 809
60256 821 809
60272 821 809
60288 821 809
60304 821 810
60320 821 810
60336 822 810
60352 822 810
60368 822 810
60384 822 811
60400 822 811
60416 823 811
60432 823 811
60448 823 812
60464 823 812
60480 823 812
60496 824 812
60512 824 812
60528 824 813
60544 824 813
60560 824 813
60576 825 813
60592 825 814
60608 825 814
60624 825 814
60640 825 814
60656 826 815
60672 826 815
60688 826 815
60704 826 815
60720 826 815
60736 827 816
60752 827 816
60768 827 816
60784 827 816
60800 828 817
60816 828 817
60832 828 817
60848 828 817
60864 828 818
60880 829 818
60896 829 818
60912 829 818
60928 829 819
60944 829 819
60960 830 819
60976 830 819
60992 830 820
61008 830 820
61024 831 820
61040 831 820
61056 831 821
61072 831 821
61088 831 821
61104 832 821
61120 832 822
61136 832 822
61152 832 822
61168 833 822
61184 833 823
61200 833 823
61216 833 823
61232 833 823
61248 834 824
61264 834 824
61280 834 824
61296 834 824
61312 835 825
61328 835 825
61344 835 825
61360 835 825
61376 835 826
61392 836 826
61408 836 826
61424 836 826
61440 836 827
61456 837 827
61472 837 827
61488 837 827
61504 837 828
61520 837 828
61536 838 828
61552 838 828
61568 838 829
61584 838 829
61600 839 829
61616 839 829
61632 839 830
61648 839 830
61664 839 830
61680 840 831
61696 840 831
61712 840 831
61728 840 831
61744 841 832
61760 841 832
61776 841 832
61792 841 832
61808 841 833
61824 842 833
61840 842 833
61856 842 833
61872 842 834
61888 843 834
61904 843 834
61920 843 834
61936 843 835
61952 844 835
61968 844 835
61984 844 836
62000 844 836
62016 844 836
62032 845 836
62048 845 837
62064 845 837
62080 845 837
62096 846 837
62112 846 838
62128 846 838
62144 846 838
62160 847 838
62176 847 839
62192 847 839
62208 847 839
62224 847 840
62240 848 840
62256 848 840
62272 848 840
62288 848 841
62304 849 841
62320 849 841
62336 849 841
62352 849 842
62368 850 842
62384 850 842
62400 850 842
62416 850 843
62432 850 843
62448 851 843
62464 851 844
62480 851 844
62496 851 844
62512 852 844
62528 852 845
62544 852 845
62560 852 845
62576 852 845
62592 853 846
62608 853 846
62624 853 846
62640 853 847
62656 854 847
62672 854 847
62688 854 847
62704 854 848
62720 855 848
62736 855 848
62752 855 848
62768 855 849
62784 855 849
62800 856 849
62816 856 850
62832 856 850
62848 856 850
62864 857 850
62880 857 851
62896 857 851
62912 857 851
62928 858 851
62944 858 852
62960 858 852
62976 858 852
62992 858 852
63008 859 853
63024 859 853
63040 859 853
63056 859 854
63072 860 854
63088 860 854
63104 860 854
63120 860 855
63136 860 855
63152 861 855
63168 861 855
63184 861 856
63200 861 856
63216 862 856
63232 862 857
63248 862 857
63264 862 857
63280 863 857
63296 863 858
63312 863 858
63328 863 858
63344 863 858
63360 864 859
63376 864 859
63392 864 859
63408 864 859
63424 865 860
63440 865 860
63456 865 860
63472 865 861
63488 865 861
63504 866 861
63520 866 861
63536 866 862
63552 866 862
63568 867 862
63584 867 862
63600 867 863
63616 867 863
63632 867 863
63648 868 863
63664 868 864
63680 868 864
63696 868 864
63712 868 864
63728 869 865
63744 869 865
63760 869 865
63776 869 865
63792 870 866
63808 870 866
63824 870 866
63840 870 867
63856 870 867
63872 871 867
63888 871 867
63904 871 868
63920 871 868
63936 871 868
63952 872 868
63968 872 869
63984 872 869
